aipp_op{
    aipp_mode:static
    input_format : YUV420SP_U8

    src_image_size_w : 336
    src_image_size_h : 336

    crop: true
    load_start_pos_h : 18
    load_start_pos_w : 18
    crop_size_w : 300
    crop_size_h: 300

    csc_switch : true
    rbuv_swap_switch : true

    min_chn_0 : 127.5
    min_chn_1 : 127.5
    min_chn_2 : 127.5
    var_reci_chn_0: 0.007843137254902
    var_reci_chn_1: 0.007843137254902
    var_reci_chn_2: 0.007843137254902

    matrix_r0c0: 256
    matrix_r0c1: 0
    matrix_r0c2: 359
    matrix_r1c0: 256
    matrix_r1c1: -88
    matrix_r1c2: -183
    matrix_r2c0: 256
    matrix_r2c1: 454
    matrix_r2c2: 0
    input_bias_0: 0
    input_bias_1: 128
    input_bias_2: 128
}