aipp_op{
    aipp_mode:static
    input_format : RGB888_U8

    src_image_size_w : 384
    src_image_size_h : 384

    crop: false

    min_chn_0 : 124.16
    min_chn_1 : 116.736
    min_chn_2 : 103.936
    var_reci_chn_0: 0.0170578602620087
    var_reci_chn_1: 0.0174386160714286
    var_reci_chn_2: 0.0173611111111111
}