aipp_op{
    aipp_mode:static
    input_format : RGB888_U8
    
    src_image_size_h : 48
    src_image_size_w : 192

    min_chn_0 : 127.5
    min_chn_1 : 127.5
    min_chn_2 : 127.5
    var_reci_chn_0: 0.007843137254902
    var_reci_chn_1: 0.007843137254902
    var_reci_chn_2: 0.007843137254902

}