aipp_op {
aipp_mode:static
input_format:RGB888_U8
mean_chn_0:124
mean_chn_1:116
mean_chn_2:104
var_reci_chn_0:0.0000671558973791
var_reci_chn_1:0.0000686549129456
var_reci_chn_2:0.0000683497799991
}
