aipp_op{
	aipp_mode:static
	input_format : RGB888_U8
	csc_switch : false
	rbuv_swap_switch : true
        
        mean_chn_0: 121
        mean_chn_1: 115
        mean_chn_2: 100
	min_chn_0 : 0.0
	min_chn_1 : 0.0
	min_chn_2 : 0.0
        var_reci_chn_0 : 0.0142857142857143
        var_reci_chn_1 : 0.0147058823529412
        var_reci_chn_2 : 0.0140845070422535
}
