aipp_op{
	aipp_mode: static
	input_format: YUV420SP_U8
	src_image_size_w：256
	src_image_size_h: 256
	crop: true
	load_start_pos_h: 16
	load_start_pos_w: 16
	crop_size_w: 224
	crop_size_h: 224
	csc_switch: true
	rbuv_swap_switch: true
	min_chn_0: 123.675
	min_chn_1: 116.28
	min_chn_2: 103.53
	var_reci_chn_0: 0.0171247538316637
	var_reci_chn_1：0.0175070028011204
	var_reci_chn_2：0.0174291938997821
	matrix_r0c0: 256
	matrix_r0c1: 0
	matrix_r0c2: 359
	matrix_r1c0: 256
	matrix_r1c1: -88
	matrix_r1c2: -183
	matrix_r2c0: 256
	matrix_r2c1: 454
	matrix_r2c2: 0
	input_bias_0: 0
	input_bias_1: 128
	input_bias_2: 128
}