aipp_op{
    aipp_mode:static
    input_format : RGB888_U8

    src_image_size_w : 224
    src_image_size_h : 224

    crop: false

    min_chn_0 : 103.53
    min_chn_1 : 116.28
    min_chn_2 : 123.675
    var_reci_chn_0: 0.0174291938997821
    var_reci_chn_1: 0.0175070028011204
    var_reci_chn_2: 0.0171247538316637
}
